0
111
0
11
00
1
00
1
00
11
00
1
00
1
0
1
0
1
00
1
0
111
0
11
00
10
11001100
10
01010100
10
10001100
10
00001100
10
10101100
10
01010100
10
10001100
10
01001100
10
00001100
10
01010100
10
10001100
10
10001100
10
00011100
10
01010100
10
10001100
10
01001100
10
10101100
10
01010100
10
10001100
10
10001100
10
01101100
10
01010100
10
10011100
10
10101100
10
01010100
10
11101100
10
00001100
10
00111010
10
01110110
10
00001100
10
01010100
10
10001100
10
10001100
10
00101100
10
01010100
10
01001100
10
01010100
10
10001100
10
00001100
10
10101100
10
01010100
10
01101100
10
01001100
10
01010100
10
10001100
10
10001100
10
00101100
10
01010100
10
01101100
10
00001100
10
01010100
10
10001100
10
10001100
10
11101100
10
01010100
10
01101100
10
00001100
10
00111010
10
01110110
10
00011100
10
00011100
10
01010100
10
11101100
10
01010100
10
01001100
10
10011100
10
01010100
10
10001100
10
01001100
10
00101100
10
01010100
10
10001100
10
10101100
10
10101100
10
01010100
10
10001100
10
00101100
10
00101100
10
01010100
10
10001100
10
01001100
10
01001100
10
01010100
10
10001100
10
11001100
10
00011100
10
01010100
10
01101100
10
00001100
10
00111010
10
01110110
10
10011100
10
00101100
10
01010100
10
10001100
10
00001100
10
11001100
10
01010100
10
10001100
10
00101100
10
11001100
10
01010100
10
10001100
10
01101100
10
00101100
10
01010100
10
10001100
10
00011100
10
10001100
10
01010100
10
10001100
10
11101100
10
10011100
10
01010100
10
10001100
10
00101100
10
00011100
10
01010100
10
11101100
10
10001100
10
01010100
10
00101100
10
10101100
10
00111010
10
01110110
10
10001100
10
00001100
10
10011100
10
01010100
10
10001100
10
10101100
10
10011100
10
01010100
10
10001100
10
00101100
10
10001100
10
01010100
10
01001100
10
00001100
10
01001100
10
01010100
10
01001100
10
10101100
10
01101100
10
01010100
10
01001100
10
00001100
10
01001100
10
01010100
10
10001100
10
00101100
10
10001100
10
01010100
10
10001100
10
10101100
10
10011100
10
01010100
10
10001100
10
00001100
10
10011100
10
00111010
10
01110110
10
00101100
10
10101100
10
01010100
10
11101100
10
10001100
10
01010100
10
10001100
10
00101100
10
00011100
10
01010100
10
10001100
10
11101100
10
10011100
10
01010100
10
10001100
10
00011100
10
10001100
10
01010100
10
10001100
10
01101100
10
00101100
10
01010100
10
10001100
10
00101100
10
11001100
10
01010100
10
10001100
10
00001100
10
11001100
10
01010100
10
10011100
10
00101100
10
00111010
10
01110110
10
01101100
10
00001100
10
01010100
10
10001100
10
11001100
10
00011100
10
01010100
10
10001100
10
01001100
10
01001100
10
01010100
10
10001100
10
00101100
10
00101100
10
01010100
10
10001100
10
10101100
10
10101100
10
01010100
10
10001100
10
01001100
10
00101100
10
01010100
10
01001100
10
10011100
10
01010100
10
11101100
10
01010100
10
00011100
10
00011100
10
00111010
10
01110110
10
01101100
10
00001100
10
01010100
10
10001100
10
10001100
10
11101100
10
01010100
10
01101100
10
00001100
10
01010100
10
10001100
10
10001100
10
00101100
10
01010100
10
01101100
10
01001100
10
01010100
10
10001100
10
00001100
10
10101100
10
01010100
10
01001100
10
01010100
10
10001100
10
10001100
10
00101100
10
01010100
10
00001100
10
00111010
10
01110110
10
11101100
10
00001100
10
01010100
10
10011100
10
10101100
10
01010100
10
10001100
10
10001100
10
01101100
10
01010100
10
10001100
10
01001100
10
10101100
10
01010100
10
10001100
10
10001100
10
00011100
10
01010100
10
10001100
10
01001100
10
00001100
10
01010100
10
10001100
10
00001100
10
10101100
10
01010100
10
11101100
10
11001100
10
01010100
10
11101100
10
01001100
10
00111010
10
01110110
10
